7508221
10852282
30372084
32872704
38704654
40486618
41411754
44060919
46190822
56447078
59855697
60401405
61496264
63650747
30017455
40219356
47325393
48248474
54990925
60064021
70252314
82366395
7354513
10499333
12187698
12240053
18131799
23729539
24257340
38986533
44429931
55279296
59464348
63738413
64509889
70466474
70466483
77384035
77446133
11433435
14853962
14858081
16334074
17858278
18279174
27506018
30729150
33074866
44116456
46432462
47743637
48341010
62728432
62784779
63247944
6297526
23730945
26443896
27944494
5493648
10095418
21581080
23659737
31418339
32029860
37125668
38313338
7009687
10475451
24547687
27405886
28174967
6230066
10975716
10976028
11029167
19036977
36600038
42710419
43793241
44470619
44537893
45227750
49977794
56234573
56428776
57239751
57239957
58337126
61875465
65241784
67908135
68303584
13150534
18498042
22071034
24435825
28552649
43876869
44125336
45345547
48758470
53660117
56051917
56074485
59971780
69044121
71969784
5079371
28727952
31104727
40136309
47284987
48181130
48861950
53383757
56277959
56297752
62308122
65899610
66078752
66828836
66917868
67131514
68382081
70990844
3391469
7635334
28889024
30976138
35250473
52310165
63031581
68318464
3348541
6114061
10329530
12518551
19111591
20264968
23702093
27362424
32890059
40050111
52923702
53855167
54446225
11341754
13954598
14307279
28579373
31675278
34973485
40927121
47337540
53469295
56162785
58840810
61772669
61828903
63158919
67568174
75534697
84224892
6186937
14764807
24411085
33841260
37031757
42789302
47052310
51013177
51408522
55934332
68405894
11662801
17292964
25034287
25034326
28252083
29118777
30802101
34232991
36268423
42212299
42701841
50984953
53717512
9451350
10667361
16303316
17488038
21426823
23949230
25539930
28035734
40399499
40479421
42764123
43671991
50822629
61039208
69427037
82513344
5676664
13042222
17300850
21239768
21454064
24041111
26972288
28623729
31231975
44094440
59233015
11035495
14697073
21602618
23806220
24129907
24130559
32178517
32766740
37188435
41255773
41944218
7065986
7154463
14488587
17015658
20693754
21491290
23756920
41462973
48651793
57728549
58256353
58266227
59466696
64697703
1745954
7594847
9809156
10325271
15867514
23191748
33625138
36624863
40260800
40260970
42313129
46886531
51490760
56110072
60182501
10112620
20282478
22915161
26494831
30001796
32462775
36272850
6083946
6084071
8555140
12397197
16204563
22318448
23893157
32793123
38922611
42745963
48859883
52384497
53792050
54044836
60022813
67119313
73500031
78480158
14528635
15673414
17249654
30701374
24670264
29109394
37590554
38336651
38408941
42920502
53735338
57523676
67894257
75458069
4245997
11607954
11609794
11618027
11625241
11632591
11641623
11658853
11667578
11667915
11671116
11676622
11683204
11773194
21561303
22531125
27516610
35742946
36390509
5600475
8028322
12537039
18315420
19289582
7759328
9105891
19922139
24247865
27226063
21861264
36338472
38335692
43771325
50381707
60510483
64564508
19
24
42
63
1673196
4800495
