	Omy28_11607954	Omy_RAD52458-17	Omy_GREB1_05	Omy28_11625241	Omy28_11632591	Omy_GREB1_09	Omy28_11658853	Omy28_11667578	"c(\Omy_RAD47080-54\"", \""Omy_RAD15709-53\"")"""	Omy28_11671116	Omy28_11676622	Omy28_11683204	Omy28_11773194
A/A	0.149635036	0.986394558	0	0.53372434	0.148854962	0	0.520710059	0	0.548628429	0	0	0	0.680981595
C/C	0	0.006802721	0	0	0	0	0.272189349	0.228971963	0	0.671328671	0	0	0
G/G	0.50729927	0	0.180929095	0.278592375	0.65648855	0.254278729	0	0	0.219451372	0	0.222826087	0.556561086	0
T/T	0	0	0.584352078	0	0	0.503667482	0	0.560747664	0	0.167832168	0.581521739	0.230769231	0.04601227
A/C	0	0.006802721	0	0	0	0	0	0	0	0	0	0	0
A/G	0	0	0	0	0.194656489	0	0	0	0	0	0	0	0
A/T	0	0	0	0	0	0	0	0	0	0	0	0	0.273006135
C/G	0	0	0	0	0	0	0	0	0	0	0	0	0
C/T	0	0	0	0	0	0	0	0.210280374	0	0	0	0	0
G/T	0	0	0.234718826	0	0	0.24205379	0	0	0	0	0.195652174	0	0
T/G	0	0	0	0	0	0	0	0	0	0	0	0.212669683	0
T/C	0	0	0	0	0	0	0	0	0	0.160839161	0	0	0
T/A	0	0	0	0	0	0	0	0	0	0	0	0	0
G/C	0	0	0	0	0	0	0	0	0	0	0	0	0
G/A	0.343065693	0	0	0.187683284	0	0	0	0	0.2319202	0	0	0	0
C/A	0	0	0	0	0	0	0.207100592	0	0	0	0	0	0
													
Premature/Premature	0.149635036	0	0.180929095	0.53372434	0.65648855	0.503667482	0.520710059	0.560747664	0.548628429	0.671328671	0.581521739	0.556561086	0.04601227
Premature/Mature	0.343065693	0	0.234718826	0.187683284	0.194656489	0.24205379	0.207100592	0.210280374	0.2319202	0.160839161	0.195652174	0.212669683	0.273006135
Mature/Mature	0.50729927	0	0.584352078	0.278592375	0.148854962	0.254278729	0.272189349	0.228971963	0.219451372	0.167832168	0.222826087	0.230769231	0.680981595
note		P/M should be G/T											
