	Omy28_11607954	Omy_RAD52458-17	Omy_GREB1_05	Omy28_11625241	Omy28_11632591	Omy_GREB1_09	Omy28_11658853	Omy28_11667578	"c(\Omy_RAD47080-54\"", \""Omy_RAD15709-53\"")"""	Omy28_11671116	Omy28_11676622	Omy28_11683204	Omy28_11773194
A/A	0.057692308	0.935483871	0	0.150943396	0.31372549	0	0.132075472	0	0.153846154	0	0	0	0.576923077
C/C	0	0	0	0	0	0	0.698113208	0.612244898	0	0.214285714	0	0	0
G/G	0.557692308	0	0.5	0.698113208	0.31372549	0.692307692	0	0	0.596153846	0	0.64	0.153846154	0
T/T	0	0	0.230769231	0	0	0.134615385	0	0.163265306	0	0.642857143	0.26	0.615384615	0.096153846
A/C	0	0.064516129	0	0	0	0	0	0	0	0	0	0	0
A/G	0	0	0	0	0.37254902	0	0	0	0	0	0	0	0
A/T	0	0	0	0	0	0	0	0	0	0	0	0	0.326923077
C/G	0	0	0	0	0	0	0	0	0	0	0	0	0
C/T	0	0	0	0	0	0	0	0.224489796	0	0	0	0	0
G/T	0	0	0.269230769	0	0	0.173076923	0	0	0	0	0.1	0	0
T/G	0	0	0	0	0	0	0	0	0	0	0	0.230769231	0
T/C	0	0	0	0	0	0	0	0	0	0.142857143	0	0	0
T/A	0	0	0	0	0	0	0	0	0	0	0	0	0
G/C	0	0	0	0	0	0	0	0	0	0	0	0	0
G/A	0.384615385	0	0	0.150943396	0	0	0	0	0.25	0	0	0	0
C/A	0	0	0	0	0	0	0.169811321	0	0	0	0	0	0
													
Premature/Premature	0.057692308		0.230769231	0.150943396	0.31372549	0.134615385	0.132075472	0.163265306	0.153846154	0.214285714	0.26	0.153846154	0.096153846
Premature/Mature	0.384615385		0.269230769	0.150943396	0.37254902	0.173076923	0.169811321	0.224489796	0.25	0.142857143	0.1	0.230769231	0.326923077
Mature/Mature	0.557692308		0.5	0.698113208	0.31372549	0.692307692	0.698113208	0.612244898	0.596153846	0.642857143	0.64	0.615384615	0.576923077
note		P/M should be G/T											
