	Omy28_11607954	Omy_RAD52458-17	Omy_GREB1_05	Omy28_11625241	Omy28_11632591	Omy_GREB1_09	Omy28_11658853	Omy28_11667578	"c(\Omy_RAD47080-54\"", \""Omy_RAD15709-53\"")"""	Omy28_11671116	Omy28_11676622	Omy28_11683204	Omy28_11773194
A/A	0.032258065	1	0	0.158730159	0.396825397	0	0.14516129	0	0.177419355	0	0	0	0.603174603
C/C	0	0	0	0	0	0	0.741935484	0.68852459	0	0.192307692	0	0	0
G/G	0.596774194	0	0.546875	0.746031746	0.253968254	0.746031746	0	0	0.709677419	0	0.685185185	0.161290323	0
T/T	0	0	0.203125	0	0	0.142857143	0	0.163934426	0	0.711538462	0.185185185	0.709677419	0.111111111
A/C	0	0	0	0	0	0	0	0	0	0	0	0	0
A/G	0	0	0	0	0.349206349	0	0	0	0	0	0	0	0
A/T	0	0	0	0	0	0	0	0	0	0	0	0	0.285714286
C/G	0	0	0	0	0	0	0	0	0	0	0	0	0
C/T	0	0	0	0	0	0	0	0.147540984	0	0	0	0	0
G/T	0	0	0.25	0	0	0.111111111	0	0	0	0	0.12962963	0	0
T/G	0	0	0	0	0	0	0	0	0	0	0	0.129032258	0
T/C	0	0	0	0	0	0	0	0	0	0.096153846	0	0	0
T/A	0	0	0	0	0	0	0	0	0	0	0	0	0
G/C	0	0	0	0	0	0	0	0	0	0	0	0	0
G/A	0.370967742	0	0	0.095238095	0	0	0	0	0.112903226	0	0	0	0
C/A	0	0	0	0	0	0	0.112903226	0	0	0	0	0	0
													
Premature/Premature	0.032258065	0	0.203125	0.158730159	0.253968254	0.142857143	0.14516129	0.163934426	0.177419355	0.192307692	0.185185185	0.161290323	0.111111111
Premature/Mature	0.370967742	0	0.25	0.095238095	0.349206349	0.111111111	0.112903226	0.147540984	0.112903226	0.096153846	0.12962963	0.129032258	0.285714286
Mature/Mature	0.596774194	0	0.546875	0.746031746	0.396825397	0.746031746	0.741935484	0.68852459	0.709677419	0.711538462	0.685185185	0.709677419	0.603174603
note		P/M should be G/T											
