	Omy28_11607954	Omy_RAD52458-17	Omy_GREB1_05	Omy28_11625241	Omy28_11632591	Omy_GREB1_09	Omy28_11658853	Omy28_11667578	"c(\Omy_RAD47080-54\"", \""Omy_RAD15709-53\"")"""	Omy28_11671116	Omy28_11676622	Omy28_11683204	Omy28_11773194
A/A	0.05	1	0	0	0.344827586	0	0	0	0.034482759	0	0	0	0.571428571
C/C	0	0	0	0	0	0	0.90625	0.894736842	0	0	0	0	0
G/G	0.75	0	0.777777778	0.853658537	0.034482759	0.888888889	0	0	0.896551724	0	0.8	0	0
T/T	0	0	0	0	0	0	0	0	0	0.857142857	0	0.791666667	0
A/C	0	0	0	0	0	0	0	0	0	0	0	0	0
A/G	0	0	0	0	0.620689655	0	0	0	0	0	0	0	0
A/T	0	0	0	0	0	0	0	0	0	0	0	0	0.428571429
C/G	0	0	0	0	0	0	0	0	0	0	0	0	0
C/T	0	0	0	0	0	0	0	0.105263158	0	0	0	0	0
G/T	0	0	0.222222222	0	0	0.111111111	0	0	0	0	0.2	0	0
T/G	0	0	0	0	0	0	0	0	0	0	0	0.208333333	0
T/C	0	0	0	0	0	0	0	0	0	0.142857143	0	0	0
T/A	0	0	0	0	0	0	0	0	0	0	0	0	0
G/C	0	0	0	0	0	0	0	0	0	0	0	0	0
G/A	0.2	0	0	0.146341463	0	0	0	0	0.068965517	0	0	0	0
C/A	0	0	0	0	0	0	0.09375	0	0	0	0	0	0
													
Premature/Premature	0.05	0	0	0	0.034482759	0	0	0	0.034482759	0	0	0	0
Premature/Mature	0.2	0	0.222222222	0.146341463	0.620689655	0.111111111	0.09375	0.105263158	0.068965517	0.142857143	0.2	0.208333333	0.428571429
Mature/Mature	0.75	1	0.777777778	0.853658537	0.344827586	0.888888889	0.90625	0.894736842	0.896551724	0.857142857	0.8	0.791666667	0.571428571
note		P/M should be G/T											
