	Omy_RAD65808-68	Omy_RAD50632-21	Omy_RAD72528-44	Omy_RAD25042-68	Omy_RAD35149-9	Omy_RAD739-59	Omy_GREB1_05	Omy28_11625241	Omy28_11658853	Omy28_11667578	Omy_RAD47080-54	Omy28_11671116	Omy28_11676622	Omy28_11683204	Omy_RAD46452-51
Pre_AD	0.595092025	0.546979866	0.588414634	0.759375	0.62654321	0.532679739	0.625	0.763975155	0.773291925	0.727848101	0.717391304	0.731060606	0.713793103	0.726708075	0.791925466
Post_AD	0.553921569	0.61209068	0.488997555	0.83875	0.686881188	0.520100503	0.298288509	0.372434018	0.375739645	0.33411215	0.335411471	0.248251748	0.320652174	0.337104072	0.802729529
Pre_ID	0.654605263	0.446153846	0.5	0.64	0.616666667	0.658450704	0.619205298	0.902777778	0.907284768	0.873287671	0.866666667	0.875	0.872262774	0.872413793	0.685810811
Post_ID	0.5	0.602040816	0.682692308	0.81372549	0.705882353	0.58	0.634615385	0.769230769	0.778846154	0.724489796	0.721153846	0.714285714	0.69	0.725490196	0.75
Pre_BD	0.590909091	0.578431373	0.688235294	0.761904762	0.784722222	0.59375	0.76744186	0.831325301	0.85625	0.815384615	0.797468354	0.846938776	0.803571429	0.815384615	0.802816901
During_BD	0.592105263	0.5	0.594594595	0.757575758	0.666666667	0.428571429	0.888888889	0.926829268	0.953125	0.947368421	0.931034483	0.928571429	0.9	0.895833333	0.763157895
Post_BD	0.664733179	0.507309942	0.681498829	0.832935561	0.687951807	0.603403141	0.879432624	0.94137931	0.944964871	0.94025974	0.935679612	0.930272109	0.920489297	0.929667519	0.815270936
Pre_SBLR	0.621794872	0.613636364	0.705128205	0.74025974	0.779220779	0.529411765	0.737179487	0.858024691	0.86	0.804347826	0.787671233	0.779661017	0.75	0.808219178	0.784722222
Post_SBLR	0.86	0.261904762	0.041666667	0.270833333	0.3125	0.97826087	0.260869565	0.977272727	1	1	1	1	1	1	0.25
