"ID.chi.2"	"ID.df"	"ID.Pr.chi.2..."	"AD.chi.2"	"AD.df"	"AD.Pr.chi.2..."	"BD.chi.2"	"BD.df"	"BD.Pr.chi.2..."	"SBLR.chi.2"	"SBLR.df"	"SBLR.Pr.chi.2..."
"NC_035086_1_30372084"	73.0290798611111	1	0	366.88725302262	1	0	434.192341192752	1	0	21.301775147929	1	3.92367987933628e-06
"NC_035086_1_41411754"	0.127813589359521	1	0.720709843166138	2.42521525803228	1	0.119396839708288	0.299033699427951	1	0.584488839475859	2.77777777777778	1	0.0955807045456296
"NC_035101_1_40219356"	0.0123613759977396	1	0.911472243029876	0.12424937742665	1	0.724470628092526	0.567607646718834	1	0.451211142964653	0.0108646446355817	1	0.91698396542375
"NC_035101_1_60064021"	0.0559573917178598	1	0.813003471252637	2.20696435170144	1	0.137388786140989	1.68592617837053	1	0.194138860221264	0.111952406706328	1	0.737932203774412
"NC_035101_1_70252314"	0.801792588336685	1	0.370557954948833	0.00411857365643857	1	0.948829996146937	0.0581575336529548	1	0.80943209473694	0.813080376914186	1	0.367211100696998
"NC_035077_1_7354513"	0.277192809579264	1	0.598547079514922	0.356277389660627	1	0.550580982147339	0.148201057771596	1	0.700260453669547	0.0453686200378072	1	0.831327658379357
"NC_035077_1_12187698"	0.127813589359521	1	0.720709843166138	0.202026717511219	1	0.653089887511195	0.0160789044479314	1	0.899096621990958	0.662520281233099	1	0.415671596774975
"NC_035077_1_23729539"	0.105759297520661	1	0.745024754783196	1.01503967778516	1	0.313698508042755	0.723920550415468	1	0.39486090093332	0	0	1
"NC_035077_1_38986533"	3.60243356083244e-05	1	0.995211103577515	0.00340782622238574	1	0.953448661696184	0.745146079881657	1	0.388017375467641	0.247237295860888	1	0.619027135503082
"NC_035077_1_44429931"	4.26107801613585	1	0.0389951678052698	1.09368262384968	1	0.295656696533227	2.77941194024387	1	0.0954832216319718	0.22	1	0.639039918371475
"NC_035092_1_17858278"	0.363881920415226	1	0.546358180726175	6.53058385440927	1	0.0106035146229378	1.16248917720379	1	0.280949904576482	0.276670135275754	1	0.598892080401362
"NC_035092_1_33074866"	0	0	1	0	0	1	0	0	1	0	0	1
"NC_035092_1_44116456"	16.6280228310751	1	4.54741563329364e-05	140.589469099001	1	0	101.868089535419	1	0	7.07265306122449	1	0.00782692742384783
"NC_035092_1_48341010"	0.33177764112324	1	0.564614218687253	0.728739221636596	1	0.393292161314592	4.57736596363056	1	0.0323969786142514	0.5175	1	0.471910063445547
"NC_035092_1_62728432"	0	0	1	0.0262860927663059	1	0.871203589322272	0	0	1	0	0	1
"NC_035092_1_62784779"	0.161856872039689	1	0.687452662310029	4.54771579589651	1	0.0329626926654699	2.12782631067788	1	0.144645749868428	0.198347107438017	1	0.656058334155085
"NC_035103_1_26443896"	0.38128917054725	1	0.536914100418562	0.876544672018559	1	0.349149815581193	3.5386918672032	1	0.0599527263517446	4.95867768595041	1	0.0259600511965568
"NC_035099_1_5493648"	0.507223333665963	1	0.476343330438575	1.88830591902484	1	0.169393120984037	0.000224974723713988	1	0.98803285257808	1.5	1	0.220671361919847
"NC_035099_1_32029860"	1.4597101896011	1	0.22697623823891	0.135243543631654	1	0.713056124988792	2.15723838835429	1	0.141899517940001	8.6415174504643e-05	1	0.992582990893628
"NC_035100_1_27405886"	1.54820415879017	1	0.213400751588832	0.603201171670677	1	0.4373592341149	1.94849520016973	1	0.16274909956088	0.0369822485207099	1	0.847501193268095
"NC_035083_1_6230066"	0.850694444444444	1	0.356355957029046	0.924113641533467	1	0.33639717746189	0.991309939494166	1	0.319422424470227	1.64165680473373	1	0.200098299431781
"NC_035083_1_42710419"	0.32706625037358	1	0.567391714073971	1.36742147552958	1	0.242255404357143	5.70457998443571	1	0.0169207037169394	0.24254640127656	1	0.622372988666848
"NC_035083_1_43793241"	0.0590227474833735	1	0.808047248229324	0.139465043500784	1	0.708813411586856	0.425608554176548	1	0.514151668961238	0.0108646446355817	1	0.91698396542375
"NC_035083_1_44537893"	0.02556099996879	1	0.87297711723613	0.00869548921496973	1	0.925705265313356	0.394863514033064	1	0.529753946704607	0.0108646446355817	1	0.91698396542375
"NC_035083_1_58337126"	0.00301194019147334	1	0.956233152512827	190.87322782701	1	0	0.000586853653541944	1	0.980673087003367	0	0	1
"NC_035083_1_65241784"	0	0	1	0.000530784965740754	1	0.981619346422442	0	0	1	0	0	1
"NC_035090_1_43876869"	3.28918698464744	1	0.0697375454556479	0.00474678760393041	1	0.945071658519524	1.00253809356747	1	0.31669714191379	0.198347107438017	1	0.656058334155085
"NC_035090_1_44125336"	2.0735012755102	1	0.14987709773103	0.0757395884455006	1	0.783156238455308	0.428927343402947	1	0.512515754373055	0.96	1	0.327186877790306
"NC_035090_1_45345547"	0.0650576224656124	1	0.798673701310822	1.85728035237383	1	0.172939015004099	0.778800678669378	1	0.377508186002493	8.6415174504643e-05	1	0.992582990893628
"NC_035088_1_47284987"	2.93402777777778	1	0.0867308648275426	3.73997543461829	1	0.0531252262294728	1.03209091962904	1	0.309668076265152	0	0	1
"NC_035088_1_48181130"	0.863341204250295	1	0.352805365436305	5.29003480742168	1	0.0214477913559838	4.58781816830584	1	0.0321999787490949	0.0104123281965848	1	0.918724277407713
"NC_035088_1_53383757"	0	0	1	0	0	1	0	0	1	0	0	1
"NC_035088_1_56297752"	0.568670030776922	1	0.45078789521222	0.130372788076077	1	0.718045832227165	0.131487830714049	1	0.716894365577618	0.0104123281965848	1	0.918724277407713
"NC_035088_1_66078752"	0.54537631324178	1	0.460213108814273	6.26733817097118	1	0.0122983762918168	6.24979956315545	1	0.012420736060139	0.0108646446355817	1	0.91698396542375
"NC_035088_1_67131514"	3.77604166666667	1	0.0519915186907181	24.4715965592849	1	7.54134184766109e-07	5.10276121745763	1	0.0238877880938198	0.0274048442906574	1	0.868515753152687
"NC_035080_1_30976138"	0.330773724654093	1	0.565203845768082	0.448860593814252	1	0.502876537376118	0.626213240406023	1	0.428747733921125	0.276670135275754	1	0.598892080401362
"NC_035080_1_68318464"	14.95111267879	1	0.000110332978382366	55.5832205827721	1	8.95949980872501e-14	35.3637555056578	1	2.73529909833314e-09	0.103842047708992	1	0.747266851971255
"NC_035095_1_3348541"	0.105759297520661	1	0.745024754783196	0.320495386338291	1	0.571310087917473	1.20027111618314	1	0.273267497639639	0	0	1
"NC_035095_1_40050111"	0.000223563054608329	1	0.988070454522106	0.0394115413878091	1	0.842635576474839	0.179469622534453	1	0.671829435250691	0.130497554393658	1	0.717916714330496
"NC_035095_1_52923702"	0.166351606805293	1	0.68337481613639	0.312317378466678	1	0.576261618680657	0.056172839506173	1	0.812650506313564	0.011358024691358	1	0.915126919222193
"NC_035081_1_13954598"	12.8444444444444	1	0.000338482690316111	6.41856421394957	1	0.0112933430953526	8.20988804171914	1	0.00416627216466348	0.0599051298351998	1	0.806645949515006
"NC_035081_1_28579373"	2.74116835330293	1	0.0977932427137053	6.0377100073046	1	0.0140034371413541	0.0815361605635157	1	0.775226347283884	0	0	1
"NC_035081_1_31675278"	2.74116835330293	1	0.0977932427137053	7.74988436720675	1	0.0053715980462179	0.15113449818727	1	0.697453540298499	0	0	1
"NC_035081_1_34973485"	3.45373735089604	1	0.0631089188320535	8.81088372451535	1	0.00299438968802435	0.601908103214123	1	0.437850922993129	0.0108646446355817	1	0.91698396542375
"NC_035081_1_40927121"	8.57175925925926	1	0.00341417102416475	8.35167995099117	1	0.00385330895685232	63.1056796106241	1	1.99840144432528e-15	0.198347107438017	1	0.656058334155085
"NC_035081_1_47337540"	2.1438485884807	1	0.143142393201003	8.21665425690327	1	0.00415076583944163	0.326064489859512	1	0.567985700200579	0	0	1
"NC_035081_1_56162785"	2.53490329299742	1	0.111353708747995	13.262897851207	1	0.00027071085208541	0.364679478863418	1	0.54591878883351	0	0	1
"NC_035081_1_61772669"	35.250029666548	1	2.89977675205222e-09	28.3754111666453	1	9.99264797574284e-08	34.6455058710742	1	3.9555069220043e-09	0.505050505050505	1	0.477289340269431
"NC_035081_1_63158919"	8.92487603305785	1	0.00281312452405613	0.00949329536015189	1	0.922382107741319	0.0413794833347733	1	0.838807178158473	0	0	1
"NC_035081_1_75534697"	0	0	1	59.2396694214876	1	1.3988810110277e-14	0.00253162942556882	1	0.959871131484828	0	0	1
"NC_035087_1_6186937"	0.0780287263849653	1	0.779986809003111	0.00448769801471575	1	0.946589438876583	1.30124209338957	1	0.253986465568485	2.59259621497384	1	0.107364219700557
"NC_035087_1_37031757"	11.5445231947083	1	0.000679491241978081	34.5257484392609	1	4.2064990379842e-09	46.4853258959975	1	9.23072729364094e-12	0.0599051298351998	1	0.806645949515006
"NC_035087_1_51408522"	0.137085340172223	1	0.711195945486232	0.298580676278245	1	0.584773580355816	2.31742740503057	1	0.127931450822253	0.96	1	0.327186877790306
"NC_035094_1_17292964"	0.1456	1	0.702776125821574	0.622173004525624	1	0.430240928354208	0.988512944690286	1	0.320106095583175	0.0434027777777778	1	0.834968706358955
"NC_035094_1_25034287"	0.304862685815067	1	0.580849891032676	3.28117190508255	1	0.0700788729331263	1.09194823441457	1	0.296039945942029	0.0498866213151927	1	0.823260678616548
"NC_035094_1_25034326"	0.453425605536332	1	0.500712662095165	0.144912185417348	1	0.703445659831241	0.0158040067888767	1	0.89995832886238	0	0	1
"NC_035094_1_42701841"	0.00277769298861451	1	0.957967892722578	50.2222786872304	1	1.37279076994901e-12	0	0	1	0	0	1
"NC_035094_1_50984953"	0.820698418395699	1	0.364976043837297	0.597418639053255	1	0.439564630595156	5.74653453636602	1	0.0165212165956968	3.43875555555556	1	0.0636836433332777
"NC_035084_1_28035734"	0.206047966672062	1	0.649882760670844	0.418454174884943	1	0.517709390436582	3.37974748913635	1	0.0660021664208243	0.629208092246784	1	0.427645939692271
"NC_035084_1_40399499"	0.0167081616615624	1	0.897151878184198	0.0303398199946295	1	0.86172141410313	1.95855261882927	1	0.161668197890684	0	0	1
"NC_035084_1_40479421"	0.0112345679012346	1	0.9155877120207	0	0	1	0	0	1	0	0	1
"NC_035084_1_61039208"	0	0	1	0	0	1	0	0	1	0	0	1
"NC_035091_1_5676664"	0.0332119094363466	1	0.855393324152858	0.0470299041807664	1	0.828314496059627	7.21236244633061	1	0.00724031311983719	0.0453686200378072	1	0.831327658379357
"NC_035091_1_26972288"	0.0726164256758914	1	0.787564677614185	9.52155072551991	1	0.00203072910127022	0.400186902883509	1	0.526992748233281	0.308641975308642	1	0.578514721507944
"NC_035097_1_37188435"	20.7061368740917	1	5.35441215632204e-06	0.00726766843033507	1	0.932062147054186	3.44175630616632	1	0.0635680846501634	0.117787031528852	1	0.731447137213507
"NC_035093_1_23756920"	5.50570572510761	1	0.0189545298702132	2.58016225623021	1	0.108210569360865	0.00280267642974369	1	0.95777946662479	0.375	1	0.54029137460742
"NC_035093_1_57728549"	0.377484817456394	1	0.538952402748563	0.35890001309691	1	0.549117775569311	0.684291281575629	1	0.40811294179279	1.25	1	0.263552477282973
"NC_035093_1_58256353"	3.30561558806636	1	0.0690434718694023	0.891855970287767	1	0.344974852710156	0.557383110502397	1	0.455316552847061	0.444687528344671	1	0.504868619092525
"NC_035082_1_1745954"	0.206047966672062	1	0.649882760670844	2.92648043743	1	0.0871372663141747	0.0534127406834887	1	0.817227819467089	0.181818181818182	1	0.669815357599417
"NC_035082_1_15867514"	0.0108682526264944	1	0.916970232213552	0.713870039181155	1	0.398162038704924	0.561117298895448	1	0.45381041587527	1.34011987672596	1	0.247012828820727
"NC_035082_1_23191748"	0	0	1	0.00217863894139886	1	0.962771544390756	0	0	1	0	0	1
"NC_035082_1_40260800"	0.0726164256758914	1	0.787564677614185	0.0444036541501766	1	0.833104404904408	0.423549150503482	1	0.515171378946247	0	0	1
"NC_035082_1_40260970"	0.0726164256758914	1	0.787564677614185	0.0435443864896039	1	0.834703583420527	0.761858050607747	1	0.382747675276515	0	0	1
"NC_035082_1_46886531"	0	0	1	0.000535331293431325	1	0.981540810427256	0.00189035243859025	1	0.965320355140021	0	0	1
"NC_035082_1_51490760"	3.94233891535857	1	0.0470852689448196	26.5403683115513	1	2.58088249882604e-07	2.64758036949711	1	0.103707642016162	0.130497554393658	1	0.717916714330496
"NC_035082_1_56110072"	2.94861857423296	1	0.0859509998238874	2.88563514238174	1	0.0893727575513054	0.350589663776981	1	0.553779525382568	0.24254640127656	1	0.622372988666848
"NC_035082_1_60182501"	0.100113090180392	1	0.751693963607849	3.50880997526793	1	0.0610432876296888	1.503307452542	1	0.220163156835344	1.62997245179063	1	0.201706858898722
"NC_035089_1_10112620"	0.0137174211248286	1	0.906763855799969	0.00304847477723288	1	0.955968776501654	0.826648849607152	1	0.363243342450378	0.0434027777777778	1	0.834968706358955
"NC_035078_1_32793123"	1.44569396386005	1	0.22922015115539	26.6561112195456	1	2.43080725992328e-07	2.59780101568589	1	0.107012101135543	0.617780461296945	1	0.431873278143861
"NC_035078_1_42745963"	0	0	1	0	0	1	0	0	1	0	0	1
"NC_035078_1_52384497"	18.4964544378698	1	1.70220666472209e-05	52.7541622178077	1	3.78030939884866e-13	13.1278187581207	1	0.000290943300099378	0	0	1
"NC_035078_1_54044836"	0.280191871745531	1	0.596575484783541	47.8783655975376	1	4.53492798868638e-12	23.3116755117838	1	1.37761209983989e-06	6.29159722298871	1	0.0121311682718953
"NC_035078_1_67119313"	5.93574179981057	1	0.0148368224459637	12.6993813305215	1	0.000365776571288667	16.4819574482813	1	4.91152487348545e-05	0	0	1
"NC_035078_1_73500031"	0.373726570830282	1	0.54097994204912	0.434388428112615	1	0.509843432583956	0.505285827529252	1	0.477186737372448	0.391304347826087	1	0.531614576881612
"NC_035078_1_78480158"	2.09966351546227	1	0.147331558417114	1.90781151470414	1	0.16720656190299	1.84322450932979	1	0.174573484823465	4.87351977828168	1	0.0272718212109497
"NC_035079_1_24670264"	2.70421841283035	1	0.100083120467709	0.435831462024667	1	0.509141323848936	0.120181917833653	1	0.728837268701387	1.4692378328742	1	0.225465985004507
"NC_035079_1_38336651"	91	1	0	458.266661998214	1	0	529.117431192661	1	0	25	1	5.73303143736048e-07
"NC_035079_1_38408941"	0.192363588320782	1	0.660956661164881	0.000983364337965538	1	0.974983524965687	1.28487646527654	1	0.256994304188661	0	0	1
"NC_035104_1_11607954"	0.281239149724162	1	0.595890182051744	10.1936030482455	1	0.00140928680997465	16.6813542538619	1	4.42134327883759e-05	0.208616780045352	1	0.647853724411048
"NC_035104_1_11609794"	0.0424206716606346	1	0.836819975880408	84.2182748812819	1	0	0	0	1	0	0	1
"NC_035104_1_11618027"	9.48575106710842	1	0.00207073825365667	108.429494949495	1	0	64.8656888388194	1	7.7715611723761e-16	0.221068819684737	1	0.638226735427795
"NC_035104_1_11625241"	27.8018647341441	1	1.34396512807555e-07	169.680416369604	1	0	246.350507304966	1	0	0.0118983234180638	1	0.913139485029861
"NC_035104_1_11632591"	1.89225	1	0.168948362118582	73.0913204453924	1	0	5.01410595041006	1	0.0251416088907229	0.0787493608006426	1	0.778999446507509
"NC_035104_1_11641623"	18.7926412496517	1	1.45728313569737e-05	138.879205001007	1	0	246.435920338286	1	0	0	0	1
"NC_035104_1_11658853"	22.4972829368434	1	2.104410454562e-06	148.649828894662	1	0	284.338540677315	1	0	0	0	1
"NC_035104_1_11667578"	9.14636897704607	1	0.00249212113745967	98.7401038620147	1	0	210.643268442281	1	0	0	0	1
"NC_035104_1_11667915"	13.1371759553578	1	0.000289493870639368	138.705420784794	1	0	205.83965219549	1	0	0	0	1
"NC_035104_1_11671116"	22.4782344589703	1	2.12538266941564e-06	94.6421666666667	1	0	173.82253153545	1	0	0	0	1
"NC_035104_1_11676622"	36.5814224130866	1	1.46420531255131e-09	94.0682516846699	1	0	167.343550852995	1	0	0	0	1
"NC_035104_1_11683204"	8.93399682485695	1	0.002799111606267	103.301271988145	1	0	141.832949589492	1	0	0	0	1
"NC_035104_1_11773194"	2.78000798338733	1	0.0954476927390526	5.67060079687465	1	0.0172515466664569	1.76898066928358	1	0.183508279559733	0	0	1
"NC_035104_1_21561303"	0	0	1	0	0	1	0	0	1	0	0	1
"NC_035104_1_27516610"	1.62022660719496	1	0.203060193335665	1.43986055173331	1	0.230161907533806	1.4201737354418	1	0.233374809194505	0.505050505050505	1	0.477289340269431
"NC_035102_1_5600475"	0.221399042579994	1	0.637975979576542	1.09656265490909	1	0.295021697302901	3.84247318894165	1	0.049969761750694	0.0118983234180638	1	0.913139485029861
"NC_035102_1_12537039"	0.110511937557392	1	0.739562053309657	0.0091128946874059	1	0.923948282818374	0.0705589153641256	1	0.790524731872879	1.01939058171745	1	0.312663608493246
"NC_035098_1_24247865"	6.66918714555766	1	0.00980939174725903	12.6466978868544	1	0.000376229620897672	0.118814121230809	1	0.73032424653908	0	0	1
"NC_035085_1_36338472"	5.4002994976485	1	0.0201332963521604	5.19565654316025	1	0.0226434001634873	17.8645434103503	1	2.37199515744635e-05	1.14435210834103	1	0.284734579843943
"NW_24"	27.5938100730488	1	1.49656927073138e-07	139.670868154095	1	0	158.916783275159	1	0	0.824652777777778	1	0.363823305559639
"NW_42"	0.246282869457717	1	0.619704670958619	1.80231672001219	1	0.179432666876588	2.41664127983299	1	0.120052085685434	0	0	1
