	Omy28_11607954	Omy_RAD52458-17	Omy_GREB1_05	Omy28_11625241	Omy28_11632591	Omy_GREB1_09	Omy28_11658853	Omy28_11667578	"c(\Omy_RAD47080-54\"", \""Omy_RAD15709-53\"")"""	Omy28_11671116	Omy28_11676622	Omy28_11683204	Omy28_11773194
A/A	0.05370844	1	0	0.048387097	0.474327628	0	0.049295775	0	0.04589372	0	0	0	0.648584906
C/C	0	0	0	0	0	0	0.929577465	0.921875	0	0.051194539	0	0	0
G/G	0.73657289	0	0.804705882	0.921658986	0.127139364	0.942263279	0	0	0.90821256	0	0.898461538	0.046035806	0
T/T	0	0	0.054117647	0	0	0.03926097	0	0.046875	0	0.911262799	0.055384615	0.895140665	0.049528302
A/C	0	0	0	0	0	0	0	0	0	0	0	0	0
A/G	0	0	0	0	0.398533007	0	0	0	0	0	0	0	0
A/T	0	0	0	0	0	0	0	0	0	0	0	0	0.301886792
C/G	0	0	0	0	0	0	0	0	0	0	0	0	0
C/T	0	0	0	0	0	0	0	0.03125	0	0	0	0	0
G/T	0	0	0.141176471	0	0	0.018475751	0	0	0	0	0.046153846	0	0
T/G	0	0	0	0	0	0	0	0	0	0	0	0.058823529	0
T/C	0	0	0	0	0	0	0	0	0	0.037542662	0	0	0
T/A	0	0	0	0	0	0	0	0	0	0	0	0	0
G/C	0	0	0	0	0	0	0	0	0	0	0	0	0
G/A	0.20971867	0	0	0.029953917	0	0	0	0	0.04589372	0	0	0	0
C/A	0	0	0	0	0	0	0.021126761	0	0	0	0	0	0
													
Premature/Premature	0.05370844	0	0.054117647	0.048387097	0.127139364	0.03926097	0.049295775	0.046875	0.04589372	0.051194539	0.055384615	0.046035806	0.049528302
Premature/Mature	0.20971867	0	0.141176471	0.029953917	0.398533007	0.018475751	0.021126761	0.03125	0.04589372	0.037542662	0.046153846	0.058823529	0.301886792
Mature/Mature	0.73657289	0	0.804705882	0.921658986	0.474327628	0.942263279	0.929577465	0.921875	0.90821256	0.911262799	0.898461538	0.895140665	0.648584906
note		P/M should be G/T											
