	Omy28_11607954	Omy_RAD52458-17	Omy_GREB1_05	Omy28_11625241	Omy28_11632591	Omy_GREB1_09	Omy28_11658853	Omy28_11667578	"c(\Omy_RAD47080-54\"", \""Omy_RAD15709-53\"")"""	Omy28_11671116	Omy28_11676622	Omy28_11683204	Omy28_11773194
A/A	0.130434783	1	0	0	0.363636364	0	0	0	0	0	0	0	1
C/C	0	0	0	0	0	0	1	1	0	0	0	0	0
G/G	0.347826087	0	0.086956522	0.954545455	0.181818182	1	0	0	1	0	1	0	0
T/T	0	0	0.565217391	0	0	0	0	0	0	1	0	1	0
A/C	0	0	0	0	0	0	0	0	0	0	0	0	0
A/G	0	0	0	0	0.454545455	0	0	0	0	0	0	0	0
A/T	0	0	0	0	0	0	0	0	0	0	0	0	0
C/G	0	0	0	0	0	0	0	0	0	0	0	0	0
C/T	0	0	0	0	0	0	0	0	0	0	0	0	0
G/T	0	0	0.347826087	0	0	0	0	0	0	0	0	0	0
T/G	0	0	0	0	0	0	0	0	0	0	0	0	0
T/C	0	0	0	0	0	0	0	0	0	0	0	0	0
T/A	0	0	0	0	0	0	0	0	0	0	0	0	0
G/C	0	0	0	0	0	0	0	0	0	0	0	0	0
G/A	0.52173913	0	0	0.045454545	0	0	0	0	0	0	0	0	0
C/A	0	0	0	0	0	0	0	0	0	0	0	0	0
													
Premature/Premature	0.130434783	0	0.565217391	0	0.181818182	0	0	0	0	0	0	0	0
Premature/Mature	0.52173913	0	0.347826087	0.045454545	0.454545455	0	0	0	0	0	0	0	0
Mature/Mature	0.347826087	0	0.086956522	0.954545455	0.363636364	1	1	1	1	1	1	1	1
note		P/M should be G/T											
