	Omy28_11607954	Omy_RAD52458-17	Omy_GREB1_05	Omy28_11625241	Omy28_11632591	Omy_GREB1_09	Omy28_11658853	Omy28_11667578	"c(\Omy_RAD47080-54\"", \""Omy_RAD15709-53\"")"""	Omy28_11671116	Omy28_11676622	Omy28_11683204	Omy28_11773194
A/A	0.026315789	0.96	0	0.025641026	0.384615385	0	0.025641026	0	0.051282051	0	0	0	0.487179487
C/C	0	0	0	0	0	0	0.897435897	0.794871795	0	0.03125	0	0	0
G/G	0.605263158	0	0.564102564	0.897435897	0.128205128	0.918918919	0	0	0.794871795	0	0.823529412	0	0
T/T	0	0	0.102564103	0	0	0	0	0	0	0.8125	0.029411765	0.8	0.153846154
A/C	0	0.04	0	0	0	0	0	0	0	0	0	0	0
A/G	0	0	0	0	0.487179487	0	0	0	0	0	0	0	0
A/T	0	0	0	0	0	0	0	0	0	0	0	0	0.358974359
C/G	0	0	0	0	0	0	0	0	0	0	0	0	0
C/T	0	0	0	0	0	0	0	0.205128205	0	0	0	0	0
G/T	0	0	0.333333333	0	0	0.081081081	0	0	0	0	0.147058824	0	0
T/G	0	0	0	0	0	0	0	0	0	0	0	0.2	0
T/C	0	0	0	0	0	0	0	0	0	0.15625	0	0	0
T/A	0	0	0	0	0	0	0	0	0	0	0	0	0
G/C	0	0	0	0	0	0	0	0	0	0	0	0	0
G/A	0.368421053	0	0	0.076923077	0	0	0	0	0.153846154	0	0	0	0
C/A	0	0	0	0	0	0	0.076923077	0	0	0	0	0	0
													
Premature/Premature	0.026315789	0	0.102564103	0.025641026	0.128205128	0	0.025641026	0	0.051282051	0.03125	0.029411765	0	0.153846154
Premature/Mature	0.368421053	0	0.333333333	0.076923077	0.487179487	0.081081081	0.076923077	0.205128205	0.153846154	0.15625	0.147058824	0.2	0.358974359
Mature/Mature	0.605263158	0	0.564102564	0.897435897	0.384615385	0.918918919	0.897435897	0.794871795	0.794871795	0.8125	0.823529412	0.8	0.487179487
note		P/M should be G/T											
