	Pre.chi.2	Pre.df	Pre.Pr.chi.2...	During.chi.2	During.df	During.Pr.chi.2...	Post.chi.2	Post.df	Post.Pr.chi.2...
NC_035086_1_30372084	137.9983024	1	0	30.78	1	2.89E-08	726.305571	1	0
NC_035086_1_41411754	0.370601605	1	0.542676525	0.745376669	1	0.387943964	1.529280817	1	0.216220413
NC_035101_1_40219356	0.323055643	1	0.569777076	0.190599174	1	0.662418398	2.592344508	1	0.107381281
NC_035101_1_60064021	4.473390456	1	0.034426614	0.009108509	1	0.923966531	6.475694785	1	0.010935956
NC_035101_1_70252314	0.683427975	1	0.408408807	4.069204152	1	0.043671846	1.2060166	1	0.272122461
NC_035077_1_7354513	0.09952931	1	0.752395213	0.003057851	1	0.955901182	9.592905599	1	0.001953306
NC_035077_1_12187698	0.987654321	1	0.320316355	0.788909701	1	0.374430012	0.090542002	1	0.76348924
NC_035077_1_23729539	0.151384083	1	0.697216173	0.207100592	1	0.649049484	0.023340816	1	0.878574126
NC_035077_1_38986533	1.097133952	1	0.294895944	0.111111111	1	0.73888268	0.5005563	1	0.479255791
NC_035077_1_44429931	0.023907383	1	0.877120804	1.796977778	1	0.180078297	5.53641844	1	0.018624662
NC_035092_1_17858278	0.0348834	1	0.8518402	1.394628099	1	0.237625077	3.244082444	1	0.071681816
NC_035092_1_33074866	0	0	1	0	0	1	0	0	1
NC_035092_1_44116456	51.05485558	1	8.98E-13	13.7632981	1	0.000207348	190.7652748	1	0
NC_035092_1_48341010	0.210790381	1	0.646148615	1.343129644	1	0.246482802	6.288901509	1	0.012149633
NC_035092_1_62728432	0.001388878	1	0.970271594	0	0	1	0.009825223	1	0.921041197
NC_035092_1_62784779	0.031396335	1	0.859359064	9.093973411	1	0.002564531	2.002992316	1	0.156989022
NC_035103_1_26443896	0.495571931	1	0.481452266	0.168242269	1	0.681678707	4.821925379	1	0.02809994
NC_035099_1_5493648	0.165569219	1	0.684079984	0.003060912	1	0.955879139	0.102505795	1	0.748843055
NC_035099_1_32029860	0.160704499	1	0.688508729	4.85917764	1	0.027499441	0.12223821	1	0.726619535
NC_035100_1_27405886	1.641443697	1	0.200127502	0.194286915	1	0.659372351	0.006088963	1	0.937802749
NC_035083_1_6230066	0.921562339	1	0.337065087	3.439338843	1	0.063661163	0.178590545	1	0.672587312
NC_035083_1_42710419	0.04555618	1	0.830984613	0.142222222	1	0.706081741	7.849956219	1	0.005082194
NC_035083_1_43793241	0.025207747	1	0.873850498	0.6048	1	0.436752447	0.972695634	1	0.324008815
NC_035083_1_44537893	0.037642314	1	0.84616314	0.080149382	1	0.777095074	0.224457242	1	0.63566451
NC_035083_1_58337126	0	0	1	0	0	1	236.4684347	1	0
NC_035083_1_65241784	0	0	1	0	0	1	0.000272035	1	0.986840707
NC_035090_1_43876869	1.712464449	1	0.190665933	1.805062459	1	0.179101671	0.095324341	1	0.757514443
NC_035090_1_44125336	4.441147404	1	0.035082662	1.899504132	1	0.168133833	0.423425654	1	0.51523264
NC_035090_1_45345547	0.157168728	1	0.691776691	0.709349112	1	0.399659976	1.418004185	1	0.233732184
NC_035088_1_47284987	0.032973107	1	0.855908433	0.822714681	1	0.364387651	4.040248366	1	0.044427283
NC_035088_1_48181130	0.829730349	1	0.362350513	0.034285714	1	0.853100389	7.250789855	1	0.007086983
NC_035088_1_53383757	0	0	1	0	0	1	0	0	1
NC_035088_1_56297752	3.354598727	1	0.067017543	3.634618944	1	0.056589557	1.673998888	1	0.195723771
NC_035088_1_66078752	3.003059996	1	0.083107413	0.155555556	1	0.693281818	9.726179217	1	0.001816617
NC_035088_1_67131514	5.086035226	1	0.024119273	3.591836735	1	0.058064034	21.98469027	1	2.75E-06
NC_035080_1_30976138	1.098234615	1	0.294653859	0.062606428	1	0.802422813	0.167589822	1	0.682262753
NC_035080_1_68318464	18.27273141	1	1.91E-05	0.627982295	1	0.428096388	91.47800161	1	0
NC_035095_1_3348541	0.217913204	1	0.640634573	0.006249047	1	0.936992124	1.27489949	1	0.258849547
NC_035095_1_40050111	0.006384381	1	0.936314944	2.184429327	1	0.139412729	0.047422528	1	0.827610548
NC_035095_1_52923702	0.51648715	1	0.472344023	0.388888889	1	0.532884028	2.080699004	1	0.149171851
NC_035081_1_13954598	8.026920071	1	0.004608714	1.347036597	1	0.245796852	21.64478529	1	3.28E-06
NC_035081_1_28579373	4.980256634	1	0.02563818	0.375	1	0.540291375	2.698523829	1	0.100441204
NC_035081_1_31675278	8.299039781	1	0.003966605	0.049886621	1	0.823260679	0.918864927	1	0.337773182
NC_035081_1_34973485	5.476254641	1	0.019276519	2.516015543	1	0.112695013	5.609400603	1	0.017864373
NC_035081_1_40927121	35.19953535	1	2.98E-09	9.095490048	1	0.002562405	32.77515789	1	1.03E-08
NC_035081_1_47337540	4.370816327	1	0.036559474	3.057190083	1	0.080380561	6.354485804	1	0.011708487
NC_035081_1_56162785	8.379174288	1	0.003795448	3.111592899	1	0.077736899	6.258893866	1	0.012357133
NC_035081_1_61772669	26.27957952	1	2.95E-07	0	0	1	69.30152119	1	1.11E-16
NC_035081_1_63158919	11.11800568	1	0.000854937	0	0	1	0.031934124	1	0.858172315
NC_035081_1_75534697	0	0	1	0	0	1	84.66718713	1	0
NC_035087_1_6186937	0.000527122	1	0.98168287	2.809722222	1	0.093694598	0.076424688	1	0.782202339
NC_035087_1_37031757	9.420594663	1	0.002145619	0.011358025	1	0.915126919	87.07722465	1	0
NC_035087_1_51408522	2.97E-05	1	0.995652636	2.637152778	1	0.104390477	0.451407479	1	0.501667322
NC_035094_1_17292964	0.504814257	1	0.477392383	0.11395179	1	0.735689168	0.810290026	1	0.368034518
NC_035094_1_25034287	4.397903078	1	0.035983148	0.152777778	1	0.695894823	1.627353708	1	0.202069459
NC_035094_1_25034326	0.607578735	1	0.435700918	0.036989796	1	0.847485824	0.005030714	1	0.943455434
NC_035094_1_42701841	0.001488082	1	0.969228702	0	0	1	97.55557081	1	0
NC_035094_1_50984953	1.383328071	1	0.239535068	1.175101534	1	0.278355487	0.21313744	1	0.644319346
NC_035084_1_28035734	1.352846811	1	0.244781049	2.383076846	1	0.122655755	1.280873048	1	0.25773677
NC_035084_1_40399499	4.406274508	1	0.035806959	0.05912514	1	0.807884073	0.005317863	1	0.941866852
NC_035084_1_40479421	0.005746939	1	0.939571401	0	0	1	0	0	1
NC_035084_1_61039208	0	0	1	0	0	1	0	0	1
NC_035091_1_5676664	0.052432224	1	0.81888381	5.512222222	1	0.018884039	0.451104267	1	0.501811022
NC_035091_1_26972288	0.117656028	1	0.731590753	0.1078238	1	0.742635442	0.869233534	1	0.351167586
NC_035097_1_37188435	3.342849082	1	0.067497641	0.367798837	1	0.544206542	3.355843563	1	0.066966892
NC_035093_1_23756920	0.089009641	1	0.765439987	3.123966942	1	0.077148756	0.032221692	1	0.857541964
NC_035093_1_57728549	0.586367021	1	0.443827418	1.766901028	1	0.183766067	0.003533423	1	0.952599583
NC_035093_1_58256353	6.918105743	1	0.008532731	0.6	1	0.438578026	0.236992282	1	0.626386937
NC_035082_1_1745954	1.101123596	1	0.294019654	3.291166513	1	0.06965352	7.25716614	1	0.007061864
NC_035082_1_15867514	0.00017432	1	0.989465798	0.087956051	1	0.766791875	1.38187675	1	0.239781727
NC_035082_1_23191748	0	0	1	0	0	1	0.001123594	1	0.973259873
NC_035082_1_40260800	0.122640771	1	0.726187824	0.089711641	1	0.764544065	0.275432017	1	0.599710986
NC_035082_1_40260970	0.179878581	1	0.671477607	4.86333664	1	0.027433232	0.23564597	1	0.627368664
NC_035082_1_46886531	0	0	1	0	0	1	0.002511154	1	0.960033605
NC_035082_1_51490760	0.435177835	1	0.50945914	4.210277022	1	0.040179775	39.60115878	1	3.11E-10
NC_035082_1_56110072	1.654885131	1	0.198295341	4.186509733	1	0.040746905	4.317535706	1	0.037721512
NC_035082_1_60182501	0.128734394	1	0.719747889	6.75	1	0.009374768	1.411559857	1	0.234797621
NC_035089_1_10112620	2.316568047	1	0.128002163	0.318418314	1	0.572559734	0.026550129	1	0.870564021
NC_035078_1_32793123	1.948261966	1	0.162774264	0.792825	1	0.373247272	36.29475332	1	1.70E-09
NC_035078_1_42745963	0	0	1	0	0	1	0	0	1
NC_035078_1_52384497	6.58561247	1	0.010280624	0.0416	1	0.838384147	71.27937249	1	0
NC_035078_1_54044836	16.55442296	1	4.73E-05	0.6048	1	0.436752447	63.50683169	1	1.55E-15
NC_035078_1_67119313	17.22542981	1	3.32E-05	1.288091716	1	0.256399921	20.75754264	1	5.21E-06
NC_035078_1_73500031	0.977928168	1	0.322710844	1.125	1	0.288844366	0.519019914	1	0.471260059
NC_035078_1_78480158	1.121136606	1	0.289673845	0.060718502	1	0.805363901	3.466695212	1	0.062616293
NC_035079_1_24670264	1.81909801	1	0.177420681	0.381494358	1	0.536804564	0.243168525	1	0.621926947
NC_035079_1_38336651	176.0440768	1	0	32.21329438	1	1.38E-08	895.2249775	1	0
NC_035079_1_38408941	0.646936347	1	0.42121015	0.080149382	1	0.777095074	0.027803177	1	0.86757239
NC_035104_1_11607954	0.453142429	1	0.50084643	0.93041138	1	0.334756051	33.33712342	1	7.75E-09
NC_035104_1_11609794	0.002427128	1	0.960707403	0	0	1	75.91846034	1	0
NC_035104_1_11618027	22.80281501	1	1.80E-06	0.5625	1	0.453254705	323.236551	1	0
NC_035104_1_11625241	75.24209149	1	0	0.255540166	1	0.613200811	489.1025855	1	0
NC_035104_1_11632591	8.684169476	1	0.003209858	4.049556787	1	0.044182944	89.364831	1	0
NC_035104_1_11641623	54.44211002	1	1.60E-13	0.124567474	1	0.72413254	456.2073524	1	0
NC_035104_1_11658853	65.82185905	1	4.44E-16	0.077398549	1	0.78085427	471.0231629	1	0
NC_035104_1_11667578	37.90365165	1	7.43E-10	0.058641975	1	0.808655373	367.9119071	1	0
NC_035104_1_11667915	59.76454836	1	1.07E-14	6.215706447	1	0.012662182	423.5103175	1	0
NC_035104_1_11671116	54.88387381	1	1.28E-13	0.041420118	1	0.838729137	316.670553	1	0
NC_035104_1_11676622	48.66502006	1	3.04E-12	0.12345679	1	0.725315148	338.9990361	1	0
NC_035104_1_11683204	40.90345699	1	1.60E-10	0.32449973	1	0.568915938	338.2820442	1	0
NC_035104_1_11773194	8.058883508	1	0.004528108	2.603305785	1	0.106641067	5.788976009	1	0.01612698
NC_035104_1_21561303	0	0	1	0	0	1	0	0	1
NC_035104_1_27516610	0.000494823	1	0.982252827	1.829964328	1	0.176131759	8.768735142	1	0.003064379
NC_035102_1_5600475	4.23265928	1	0.039653266	1.165028975	1	0.280425012	3.131878908	1	0.076775208
NC_035102_1_12537039	0.291537565	1	0.589236903	0.304575446	1	0.581028144	1.358976464	1	0.243714948
NC_035098_1_24247865	0.26249548	1	0.608410887	0.24	1	0.624206115	18.18891389	1	2.00E-05
NC_035085_1_36338472	8.137421969	1	0.004336089	0.36817883	1	0.543998639	19.34814078	1	1.09E-05
NW_24	58.1253205	1	2.46E-14	5.923125	1	0.014943431	266.8314605	1	0
NW_42	0.276466762	1	0.599026433	0.056176513	1	0.812644494	0.000694595	1	0.978974056
