Missing data from input file steelhead_NE_genepop.txt.

Possible four types of missing data at a locus:
	1. Genotype contains only zeros or partially scored.
	2. Genotype has less digits than normal one.
	3. Genotype has more digits than normal one.
	4. Genotype contains non-digit character.
Types 3 and 4 stop the program.

In the table, each row is for an individual with missing data
(a) If column 'Locus' has only one number, then it is the first
    locus with missing data and also of highest missing data type.
(b) If column 'Locus' has 2 numbers, then the first number is
    the first locus with data missing, and the second number is
    the first locus that has highest missing data type.
(c) Genotype column contains the genotype of the locus in case (a)
    or the second locus in case (b).

Population 1 [Post_AD_51761_17_045]
-----------------------------------------------------------
Individual       Locus         Genotype     Number of Loci
                                          with missing data
       1            4             0000            35
       2           11             0000            10
       3           68             0000             3
       4           68             0000             4
       5           25             0000             6
       6          126             0000             1
       7           97             0000             2
       8          126             0000             1
       9           25             0000             3
      10            7             0000             5
      11           68             0000             3
      12          163             0000             1
      13           68             0000             4
      14           13             0000             4
      15            1             0000            16
      16           68             0000             3
      17          126             0000             1
      18           68             0000             3
      19          126             0000             3
      20          126             0000             2
      21          190             0000             1
      22          238             0000             1
      23           25             0000             3
      24          126             0000             3
      25           72             0000             1
      26            1             0000            84
      27          126             0000             2
      28           68             0000            10
      29          227             0000             1
      30           68             0000             2
      31          222             0000             2
      32          126             0000             2
      33          126             0000             2
      34           25             0000             4
      35           68             0000             2
      36           68             0000             3
      37          126             0000             1
      38           97             0000             2
      39           25             0000             3
      40           68             0000             2
      41           97             0000             2
      42          126             0000             2
      43            2             0000             4
      44           68             0000             5
      45           68             0000             4
      46          126             0000             2
      47           57             0000             4
      48          238             0000             1
      49           68             0000             1
      50           68             0000             3
      51           57             0000             1
      52           90             0000             3
      53          100             0000             2
      54           68             0000             5
      55          126             0000             3
      56          118             0000             4
      57           25             0000             5
      58          238             0000             1
      59           68             0000             4
      60          126             0000             3
      61           68             0000             4
      62          104             0000             4
      63           45             0000             3
      64           68             0000             3
      65          190             0000             2
      66           68             0000             4
      67           68             0000             4
      68           68             0000             3
      69           72             0000             3
      70          238             0000             1
      71          126             0000             3
      73          190             0000             2
      74           68             0000             5
      75           72             0000             3
      76           68             0000             4
      77           68             0000             4
      78           42             0000             4
      79          198             0000             2
      80          126             0000             2
      81           84             0000             1
      82          134             0000             2
      83            2             0000             2
      84           68             0000             2
      85          126             0000             2
      86          126             0000             2
      87          126             0000             2
      88           68             0000             4
      89           68             0000             3
      90          126             0000             1
      91          126             0000             2
      92           68             0000             2
      93           68             0000             3
      94           68             0000             3
      95          225             0000             2
      96          176             0000             3
      97          176             0000             3
      98           39             0000             5
      99          126             0000             3
     100          238             0000             1
     101           68             0000             4
     102           25             0000             4
     103           13             0000             6
     104           68             0000             2
     105          238             0000             1
     106           68             0000             2
     107           68             0000             3
     108          185             0000             1
     109          238             0000             1
     110          126             0000             3
     111           68             0000             3
     112           68             0000             4
     113           97             0000             4
     114           72             0000             1
     115           68             0000             1
     116          126             0000             2
     117           13             0000             5
     118          238             0000             1
     119           25             0000             3
     120           13             0000             7
     121           39             0000             4
     122          238             0000             1
     123           68             0000             2
     124          238             0000             1
     125           68             0000             3
     126           68             0000             5
     127           68             0000             5
     128           39             0000             3
     129          126             0000             2
     130          148             0000             2
     131           68             0000             4
     132          126             0000             2
     133          176             0000             2
     134           68             0000             6
     135           68             0000             2
     137          238             0000             1
     138           72             0000             3
     139          126             0000             3
     140           72             0000             2
     141           72             0000             4
     142          126             0000             2
     143           68             0000             2
     144          104             0000             3
     145           68             0000             4
     146          126             0000             3
     147          238             0000             1
     148           24             0000             3
     149          118             0000             2
     150          126             0000             1
     151          126             0000             2
     152          126             0000             1
     153           30             0000             5
     154          126             0000             2
     155           25             0000             2
     156          126             0000             2
     157           13             0000             5
     158           68             0000             3
     159           13             0000             3
     160           68             0000             3
     161          126             0000             3
     162           68             0000             2
     163          126             0000             2
     164          163             0000             2
     165           42             0000             2
     166          142             0000             2
     167          126             0000             2
     168          190             0000             1
     169           68             0000             3
     170          176             0000             2
     171          176             0000             3
     172           68             0000             3
     173           68             0000             3
     174          126             0000             1
     175           49             0000             3
     176           68             0000             3
     177           68             0000             3
     179          126             0000             2
     180           68             0000             6
     181          126             0000             2
     182           68             0000             4
     183          126             0000             2
     184           42             0000             3
     185          176             0000             2
     186          238             0000             1
     187          126             0000             1
     188          190             0000             2
     189          126             0000             2
     190           68             0000             1
     191           68             0000             4
     192           68             0000             1
     193           68             0000             3
     194           39             0000             4
     195          126             0000             4
     196          126             0000             4
     197           25             0000             8
     198          126             0000             3
     199           25             0000             4
     200           68             0000             3
     201          126             0000             2
     202           68             0000             4
     203          126             0000             3
     204           25             0000             5
     205           68             0000             3
     206          126             0000             2
     207           72             0000             4
     208           39             0000             8
     209           68             0000             5
     210          126             0000             1
     211           68             0000             4
     212           39             0000             6
     213           72             0000             3
     214           68             0000             6
     215          238             0000             1
     216          126             0000             6
     217           68             0000             4
     218           68             0000             3
     219           13             0000             5
     220           68             0000             6
     221           11             0000             5
     222           25             0000             8
     223           68             0000             4
     224           68             0000             4
     225           72             0000             3
     226          104             0000             3
     227           68             0000             5
     228           78             0000             6
     229           97             0000             5
     230          126             0000             3
     231           68             0000             3
     232           39             0000             7
     233           68             0000             3
     234           68             0000             2
     235           39             0000             4
     236           13             0000             4
     237          238             0000             1
     238           68             0000             2
     239           68             0000             3
     240           68             0000             3
     241          238             0000             1
     242           39             0000             3
     243          163             0000             4
     244           68             0000             3
     245           39             0000             5
     246           68             0000             2
     247           39             0000             3
     248           25             0000             5
     249           49             0000             3
     250           57             0000             3
     251           39             0000             4
     252          190             0000             2
     253          190             0000             1
     254           13             0000             6
     255          126             0000             2
     256          190             0000             1
     257           25             0000             2
     258          126             0000             4
     259          126             0000             1
     260          190             0000             1
     261           25             0000             3
     262           68             0000             2
     263           68             0000             3
     264          126             0000             3
     265           57             0000             3
     266           68             0000             2
     268          190             0000             1
     269          190             0000             1
     271           57             0000             2
     272          190             0000             1
     273           68             0000             3
     274           13             0000             2
     275           68             0000             1
     276          176             0000             3
     277           68             0000             3
     278           68             0000             2
     279           68             0000             3
     280          126             0000             3
     281           68             0000             3
     282           68             0000             3
     283           68             0000             4
     284           27             0000             5
     285            1             0000            24
     286          126             0000             2
     287          126             0000             2
     288           68             0000             3
     289          238             0000             1
     290           49             0000             4
     291           68             0000             3
     292          126             0000             2
     293           68             0000             3
     294           68             0000             3
     295          126             0000             1
     296          126             0000             3
     297           39             0000             5
     298          238             0000             1
     299           39             0000             4
     300           68             0000             3
     301          190             0000             1
     302          190             0000             1
     303           85             0000             6
     304          126             0000             2
     305           68             0000             3
     306           60             0000             9
     307          238             0000             1
     308          126             0000             2
     309           68             0000             3
     310           13             0000             7
     311          190             0000             1
     312           68             0000             2
     313          117             0000             4
     314           39             0000             3
     315           68             0000             2
     316          190             0000             1
     317            2             0000             4
     318          126             0000             1
     319           68             0000             2
     320          190             0000             1
     321           68             0000             2
     322          126             0000             2
     323          126             0000             2
     324           25             0000             4
     325           68             0000             2
     326           68             0000             4
     327          126             0000             3
     328          126             0000             3
     329          126             0000             2
     330           68             0000             3
     331          126             0000             1
     332          160             0000             1
     333          126             0000             3
     334           68             0000             2
     335          126             0000             2
     336          126             0000             1
     337          100             0000             3
     338          126             0000             1
     339           25             0000             4
     341           68             0000             4
     342           90             0000             6
     343           68             0000             9
     344           78             0000             6
     345            1             0000            35
     346            1             0000            24
     347           24             0000             3
     348          163             0000             4
     349          190             0000             1
     350          126             0000             2
     352          142             0000             2
     353            4             0000            16
     354            1             0000            22
     355            1             0000             2
     356          126             0000             3
     357          190             0000             2
     358            2             0000             2
     359           39             0000             3
     360          238             0000             1
     361           72             0000             2
     362            1             0000            22
     363            1             0000            13
     364           68             0000             4
     365           72             0000             2
     366          238             0000             1
     367           72             0000             3
     368          190             0000             2
     369           68             0000             4
     370          238             0000             1
     371           25             0000             2
     372          238             0000             1
     373          238             0000             1
     374           72             0000             2
     375           39             0000             2
     376           49             0000             3
     377          238             0000             1
     378           68             0000             6
     379          238             0000             1
     381          238             0000             1
     383           72             0000             6
     384           25             0000             6
     385           39             0000             2
     386          238             0000             1
     387          190             0000             2
     388          180             0000             2
     389          238             0000             1
     390          180             0000             2
     391           93             0000             3
     392          238             0000             1
     393          238             0000             1
     395           72             0000             7
-----------------------------------------------------------
Total missing data for population    1:         1369

Population 2 [Post_BD_5129_E12_203]
-----------------------------------------------------------
Individual       Locus         Genotype     Number of Loci
                                          with missing data
       1            4             0000            35
       2            4             0000            28
       3            4             0000            38
       4            4             0000            28
       5           13             0000            33
       6            4             0000            42
       7           16             0000            21
       8            4             0000            38
       9           13             0000            23
      10           11             0000            35
      11            4             0000            18
      12           29             0000            17
      13            4             0000            31
      14            4             0000            53
      15           11             0000            26
      16            1             0000            27
      17            4             0000            41
      18            4             0000            15
      19           30             0000            15
      20           11             0000             5
      21            4             0000            42
      22           25             0000            12
      23           25             0000            27
      24           13             0000            34
      25           68             0000             4
      26           11             0000            25
      27            4             0000            37
      28            4             0000            23
      29            4             0000            17
      30            4             0000            19
      31           11             0000            34
      32            4             0000            47
      33            4             0000            49
      34           25             0000             6
      35           11             0000            46
      36            4             0000            36
      37            4             0000            27
      38           13             0000            15
      39            2             0000            16
      40           97             0000             2
      41           11             0000            20
      42          142             0000             3
      43           25             0000             8
      44            4             0000            13
      45           85             0000             6
      46            1             0000             4
      47           68             0000             6
      48           68             0000             3
      49           68             0000             2
      50           16             0000            18
      51           15             0000             8
      52           68             0000             7
      53           68             0000             4
      54           16             0000            14
      55           68             0000             1
      56           68             0000            10
      57           25             0000             8
      58          180             0000             1
      59          115             0000             1
      60           11             0000            38
      61           63             0000             7
      62           49             0000             6
      63            1             0000             7
      64           68             0000             8
      65           25             0000            10
      66           11             0000            16
      67            5             0000            30
      68           11             0000            16
      69           68             0000             4
      70            4             0000            24
      71           68             0000             6
      72            4             0000             7
      73           68             0000             6
      74            4             0000            49
      75           13             0000            16
      76           68             0000             3
      77          142             0000             2
      78           85             0000             3
      79          238             0000             1
      80           11             0000             5
      81           67             0000             3
      82          148             0000             2
      83            4             0000            15
      84           15             0000            10
      85            1             0000             2
      86           68             0000            11
      87           30             0000             6
      88            1             0000            15
      89            1             0000             7
      90           68             0000             4
      91            7             0000            10
      92            4             0000            19
      93            1             0000             9
      94            4             0000             9
      95            1             0000            19
      96          127             0000             1
      97           18             0000             2
      98            4             0000            22
      99           68             0000            12
     100           11             0000            12
     101           11             0000            25
     102           68             0000             2
     103          190             0000             1
     104           29             0000            10
     105           72             0000             2
     106           16             0000            11
     107            1             0000           129
     108           72             0000             7
     109            1             0000           146
     110            4             0000            31
     111            4             0000            36
     112           68             0000             4
     113            4             0000            43
     114           11             0000            13
     115           68             0000             4
     116            1             0000             5
     117            4             0000            30
     118            1             0000             9
     119            1             0000            24
     120            1             0000             9
     121           11             0000            15
     122           68             0000             5
     123            1             0000            22
     124           68             0000            15
     125            1             0000            23
     126            1             0000            44
     127            1             0000            16
     128           90             0000             1
     129           18             0000             3
     130            1             0000             8
     131           25             0000            18
     132           68             0000             4
     133           11             0000            11
     134            1             0000             2
     135           68             0000             3
     136          188             0000             2
     137            7             0000            12
     138            4             0000            57
     139           85             0000             3
     140            1             0000             7
     141          190             0000             1
     142           18             0000            12
     143           68             0000             7
     144           29             0000             7
     145            1             0000            15
     146            1             0000             6
     147           14             0000            27
     148           49             0000             3
     149            1             0000            14
     150            1             0000            17
     151            4             0000             9
     152            4             0000            34
     153            4             0000            23
     154           11             0000            16
     155           49             0000             6
     156           16             0000            23
     157           60             0000             3
     158           25             0000             8
     159           68             0000             2
     160           30             0000            15
     161           25             0000            14
     162           13             0000            19
     163           68             0000             8
     164           19             0000             7
     165            1             0000             7
     166           11             0000            46
     167          176             0000             2
     168           68             0000             3
     169           68             0000             1
     170           11             0000             6
     171           13             0000             6
     172           68             0000             6
     173            4             0000            15
     175           97             0000             9
     176           18             0000             2
     177            1             0000            17
     178            1             0000             8
     179           97             0000             4
     180            1             0000             3
     181          126             0000             4
     182          238             0000             1
     183            1             0000             4
     184            1             0000             6
     185            1             0000             7
     186           25             0000            10
     187          190             0000             2
     188          190             0000             1
     189          104             0000             5
     190          190             0000             2
     191           24             0000             5
     192            1             0000            31
     193          255             0000             1
     194           97             0000             5
     195           11             0000             6
     196            4             0000             6
     197           45             0000             2
     198          199             0000             1
     199          126             0000             2
     200          126             0000             2
     201           39             0000             2
     202          115             0000             3
     203            2             0000            10
     204          126             0000             2
     205          190             0000             1
     206           25             0000            10
     207           97             0000             5
     208          117             0000             1
     209           72             0000             2
     210           72             0000             2
     211           39             0000             3
     212          238             0000             1
     214           57             0000             2
     215            1             0000             8
     216          126             0000             1
     217           43             0000             6
     218            1             0000             7
     220           25             0000             5
     221          126             0000             2
     222          117             0000             1
     224           97             0000             4
     225           25             0000             2
     226          190             0000             1
     227          126             0000             4
     228           85             0000             8
     229           97             0000             3
     230          190             0000             1
     231           93             0000             3
     232            4             0000            15
     233          148             0000             3
     234          126             0000             2
     235          190             0000             2
     236           25             0000             4
     237           39             0000             2
     238          188             0000             1
     239           95             0000             3
     240          250             0000             1
     242          126             0000             3
     243            1             0000            34
     244          255             0000             1
     245          188             0000             2
     246          190             0000             1
     247          190             0000             1
     248            2             0000             9
     251           39             0000             1
     252           72             0000             2
     253          188             0000             1
     255          126             0000             5
     257           85             0000             1
     258           85             0000             4
     259          180             0000             1
     260          104             0000             2
     261           85             0000             2
     262           72             0000             3
     264            2             0000             3
     267          190             0000             1
     268           45             0000             4
     269          190             0000             1
     270           85             0000             4
     271           39             0000             3
     272           72             0000             2
     273           97             0000             3
     274           72             0000             3
     278            4             0000            19
     280           85             0000             1
     282           39             0000             1
     287           85             0000             3
     288          190             0000             1
     289           72             0000             2
     291           57             0000             2
     293           72             0000             2
     294          238             0000             1
     295          142             0000             2
     296          115             0000             4
     298          190             0000             1
     299           68             0000             3
     300          190             0000             1
     301          126             0000             2
     302          238             0000             1
     303           39             0000             5
     304          142             0000             2
     305           72             0000             1
     306          126             0000             2
     307           39             0000             3
     308          126             0000             2
     310          115             0000             1
     311           68             0000             6
     312          104             0000             1
     314          211             0000             2
     315           90             0000             3
     316          190             0000             1
     317          126             0000             5
     319          190             0000             1
     320           68             0000             2
     321           42             0000             3
     322           45             0000             1
     323           68             0000             4
     324          238             0000             1
     325          180             0000             2
     326          142             0000             2
     327           25             0000             5
     328          190             0000             2
     330          190             0000             2
     331           72             0000             4
     332          238             0000             1
     333          180             0000             1
     334           68             0000             6
     335          190             0000             1
     337           85             0000             3
     339          166             0000             1
     340           39             0000             1
     342          190             0000             1
     345          185             0000             1
     346           39             0000             3
     347          142             0000             2
     348           85             0000             3
     349          142             0000             3
     352          190             0000             1
     353          190             0000             1
     354          190             0000             1
     355           97             0000             2
     356            9             0000             5
     357           24             0000             2
     358          180             0000             1
     359           13             0000             6
     360           72             0000             2
     361          190             0000             1
     362           30             0000             7
     363           25             0000             6
     364           32             0000             4
     366           85             0000             7
     368          180             0000             1
     369           16             0000             5
     370          180             0000             2
     371           25             0000             3
     372          190             0000             2
     373            1             0000             3
     374          126             0000             2
     376          190             0000             1
     377           85             0000             4
     378          126             0000             2
     379           92             0000             2
     380           11             0000             5
     381           25             0000             6
     382           25             0000             6
     383          190             0000             2
     384          188             0000             1
     385          126             0000             4
     387           56             0000             1
     388           68             0000             5
     389           85             0000             4
     391           85             0000             5
     392           68             0000             3
     393          190             0000             1
     394          115             0000             6
-----------------------------------------------------------
Total missing data for population    2:         3512

Population 3 [Post_ID_51686_108]
-----------------------------------------------------------
Individual       Locus         Genotype     Number of Loci
                                          with missing data
       1           11             0000            16
       2           90             0000             6
       3           11             0000            14
       4            1             0000            17
       6           25             0000             7
       7           25             0000            12
       8           93             0000             1
       9           25             0000            14
      10            1             0000            20
      12            1             0000            12
      13            1             0000             6
      14            2             0000            33
      16          242             0000             1
      17            1             0000             9
      18          190             0000             2
      19           68             0000             6
      20           72             0000             1
      21          238             0000             1
      22          190             0000             1
      23          190             0000             1
      25          126             0000             3
      26          117             0000             4
      27          142             0000             1
      28          190             0000             2
      29          190             0000             1
      31          190             0000             2
      32           11             0000             4
      34          126             0000             3
      35          180             0000             2
      36          190             0000             1
      38          104             0000             3
      39          238             0000             1
      40           85             0000             2
      41          190             0000             1
      42          238             0000             1
      43           72             0000             2
      44           72             0000             3
      45          188             0000             2
      46          142             0000             1
      47          104             0000             3
      48           85             0000             2
      49           68             0000             4
      50          190             0000             2
      51           85             0000             3
-----------------------------------------------------------
Total missing data for population    3:          233

Population 4 [Post_SBLR_52331_1]
-----------------------------------------------------------
Individual       Locus         Genotype     Number of Loci
                                          with missing data
       1          139             0000             6
       2          198             0000             1
       3           25             0000             2
       4          176             0000             3
       5          238             0000             1
       6          238             0000             1
       7           72             0000             3
       8           72             0000             2
      10          190             0000             2
      11          238             0000             1
      12          198             0000             1
      14           19             0000             7
      15          188             0000             1
      16          238             0000             2
      17          238             0000             1
      19          132             0000             2
      20          190             0000             1
      21          238             0000             1
      22          117             0000             4
-----------------------------------------------------------
Total missing data for population    4:           42

Population 5 [Pre_AD_33695_22]
-----------------------------------------------------------
Individual       Locus         Genotype     Number of Loci
                                          with missing data
       1          190             0000             1
       2           25             0000             2
       3           18             0000             7
       4          100             0000             5
       5           49             0000             6
       6           72             0000             2
       7           68             0000             1
       9          176             0000             1
      10           68             0000            10
      11           68             0000             4
      12           68             0000             1
      13           68             0000             2
      14          127             0000             1
      15           91             0000             4
      16            1             0000            37
      18            1             0000             5
      19          188             0000             2
      20          190             0000             1
      21            1             0000            11
      24           39             0000             5
      25          190             0000             1
      26            2             0000             4
      27           68             0000             2
      28           68             0000             4
      29          190             0000             1
      30           68             0000             3
      31          127             0000             1
      32           68             0000             1
      33            1             0000             9
      34          101             0000             4
      35           68             0000             2
      36           68             0000             8
      37            4             0000            42
      38           68             0000             3
      39           30             0000            10
      40            1             0000             6
      41            1             0000             6
      42           11             0000            11
      43           68             0000             4
      44           68             0000             1
      45            1             0000            25
      46           68             0000             3
      47            2             0000            21
      48          238             0000             1
      49           68             0000             5
      50            4             0000            33
      51           10             0000             8
      52            1             0000            26
      53            1             0000             5
      54           68             0000             4
      55           18             0000             9
      56            1             0000             7
      57           68             0000             1
      58           11             0000             6
      59           39             0000             2
      61          188             0000             2
      62          238             0000             1
      63            7             0000            42
      65           39             0000             4
      66           68             0000             2
      67          126             0000             3
      68           24             0000             3
      69           71             0000             2
      71            2             0000             3
      72            1             0000             9
      73          115             0000             2
      74           11             0000             8
      75            9             0000            25
      76           25             0000             5
      77          190             0000             1
      78          238             0000             1
      79            1             0000            15
      80           68             0000             5
      81            1             0000             2
      82          238             0000             1
      83            4             0000            17
      84           14             0000             2
      86           72             0000             4
      88           68             0000             4
      89           45             0000             2
      90            1             0000            12
      91          160             0000             2
      93           72             0000             2
      94            1             0000            46
      95            1             0000            42
      96          238             0000             1
      97          190             0000             1
      98          117             0000             4
      99          238             0000             1
     101          190             0000             2
     102           18             0000             7
     103           25             0000             2
     104            1             0000             4
     105          190             0000             1
     106           68             0000             3
     107           68             0000             3
     108           72             0000             4
     109          190             0000             2
     110          238             0000             1
     111          190             0000             1
     112           45             0000             3
     113          190             0000             1
     115          199             0000             1
     116           96             0000             2
     117          238             0000             1
     118          166             0000             4
     119          117             0000             3
     120           97             0000             2
     122          190             0000             2
     123           49             0000             4
     124          190             0000             1
     125            1             0000            15
     126            2             0000            14
     127            1             0000            10
     128            1             0000            22
     129            1             0000            11
     130          190             0000             1
     131          190             0000             1
     132          199             0000             1
     133          127             0000             2
     134            1             0000            16
     135           68             0000             4
     136          126             0000             3
     137          190             0000             1
     138          238             0000             1
     139          238             0000             1
     141          188             0000             1
     142            1             0000            34
     143            7             0000             6
     144           24             0000             1
     145            1             0000             6
     146           68             0000             4
     148          190             0000             1
     149          164             0000             1
     150          126             0000             2
     151           25             0000             7
     152          126             0000             4
     153           57             0000             3
     154           68             0000             2
     155          160             0000             2
     156           68             0000             3
     157           14             0000             3
     158           84             0000             2
     159            1             0000            12
     160           72             0000             1
-----------------------------------------------------------
Total missing data for population    5:          915

Population 6 [Pre_BD_33869_C1_3]
-----------------------------------------------------------
Individual       Locus         Genotype     Number of Loci
                                          with missing data
       1            1             0000            21
       2            1             0000            11
       3            1             0000            10
       4            4             0000            27
       5           18             0000             5
       6           25             0000            13
       8          160             0000             1
       9            4             0000            86
      10            1             0000            14
      11            1             0000            72
      12           97             0000             4
      13            1             0000             1
      14           68             0000             3
      15            1             0000            52
      16          190             0000             1
      17           68             0000             3
      18          238             0000             1
      19            1             0000            28
      20           68             0000             3
      21            1             0000            24
      22           25             0000            22
      24            1             0000            15
      25          190             0000             1
      26            4             0000            37
      27           68             0000             2
      28            1             0000             6
      29           68             0000             3
      30            1             0000             9
      31            1             0000             9
      32           68             0000             6
      33            1             0000            10
      34            4             0000            25
      35            1             0000            13
      37           68             0000             4
      38          190             0000             1
      39            1             0000             5
      40           97             0000             5
      41          115             0000             3
      42           25             0000             5
      43           49             0000             4
      44          238             0000             1
      45           13             0000             9
      46            1             0000            12
      47            1             0000             7
      48           72             0000             3
      49           49             0000             4
      50          126             0000             2
      51            1             0000            11
      52           72             0000             2
      53            1             0000            17
      54            1             0000            17
      55            4             0000            26
      56            4             0000            41
      57           11             0000            26
      58           10             0000            27
      59            4             0000            35
      60            4             0000            38
      61           11             0000            42
      62            4             0000            40
      63           25             0000            16
      64           68             0000             8
      65            4             0000            38
      66           11             0000            43
      67            4             0000            38
      68           11             0000            49
      69           11             0000            28
      70           11             0000            29
      71           13             0000            43
      72            4             0000            46
      73            4             0000            50
      74           97             0000             2
      75           11             0000            24
      76            4             0000            19
      77            4             0000            45
      78            1             0000            23
      79           93             0000             9
      80            1             0000            17
      81          250             0000             1
      82            4             0000            36
      83            1             0000            13
-----------------------------------------------------------
Total missing data for population    6:         1502

Population 7 [Pre_ID_33649_17]
-----------------------------------------------------------
Individual       Locus         Genotype     Number of Loci
                                          with missing data
       1           11             0000            31
       2            1             0000             7
       3            1             0000             2
       4          127             0000             6
       5            1             0000             8
       6           68             0000             5
       7           16             0000            20
       8            1             0000             2
       9           30             0000            11
      10          190             0000             3
      11           16             0000            34
      12            1             0000            10
      13           68             0000             4
      14           72             0000             6
      15            1             0000            12
      16           23             0000            11
      17           97             0000             3
      18          253             0000             1
      19           97             0000             4
      20           96             0000             1
      21           68             0000             5
      22          190             0000             1
      23            1             0000            22
      24            1             0000             5
      25          198             0000             2
      26           72             0000             4
      27           96             0000             7
      28           30             0000             7
      29          190             0000             2
      30           97             0000             4
      31          190             0000             1
      32          253             0000             1
      33           68             0000             3
      34           11             0000             6
      36            1             0000            23
      37            1             0000             6
      38           68             0000             2
      39           11             0000            11
      40          238             0000             2
      41          238             0000             1
      42           14             0000             5
      43            4             0000            18
      44          190             0000             2
      45           16             0000             1
      46            1             0000            40
      48            1             0000            11
      49            2             0000            10
      50            1             0000             3
      51           68             0000             4
      52            1             0000            17
      53           68             0000             7
      54           25             0000            11
      55           18             0000             4
      56            4             0000            33
      57            1             0000             6
      58            1             0000             6
      59            2             0000             2
      60           45             0000             6
      61          190             0000             1
      62          113             0000             2
      63            7             0000            26
      64            1             0000            13
      65            1             0000            12
      66            1             0000             4
      67           25             0000             3
      68           68             0000             5
      69           68             0000             5
      70          238             0000             1
      71           72             0000             2
      72          117             0000             1
      73           68             0000             3
      74          190             0000             1
      75           97             0000             2
      76          190             0000             2
      77          238             0000             1
      78           68             0000             2
      79            1             0000            64
      80          238             0000             1
      81          238             0000             1
      82           39             0000             2
      83           68             0000             2
      84          190             0000             1
      85           68             0000             2
      86            2             0000             9
      87           68             0000             6
      88          127             0000             2
      90          190             0000             1
      91          190             0000             1
      92          190             0000             1
      93           39             0000             4
      94           72             0000             1
      95            1             0000            23
      96           68             0000             4
      97           25             0000             8
      98          176             0000             2
      99           68             0000             2
     100           68             0000             2
     101            1             0000            56
     102            1             0000             7
     103            1             0000            17
     104           97             0000             2
     105           68             0000             2
     106          190             0000             1
     107           17             0000            23
     108          115             0000             3
     109            1             0000            14
     111            4             0000             9
     112           30             0000             8
     113          100             0000             3
     114            1             0000            11
     115            1             0000            50
     116          127             0000             3
     117           13             0000             3
     118            1             0000            11
     119           68             0000             1
     120           11             0000            14
     121            1             0000             9
     122            2             0000            12
     123           68             0000             4
     124           68             0000             3
     125          188             0000             2
     126            1             0000            28
     127           39             0000             1
     128            1             0000            33
     129          199             0000             1
     131           97             0000             2
     132            1             0000             6
     134           96             0000             3
     135           72             0000             4
     136            1             0000            36
     137            1             0000             7
     138            1             0000             6
     139            1             0000             7
     140           49             0000             2
     141           93             0000             3
     142          190             0000             1
     143            1             0000            26
     144          183             0000             2
     145            2             0000            10
     146            1             0000            14
-----------------------------------------------------------
Total missing data for population    7:         1167

Population 8 [Pre_SBLR_33651_101]
-----------------------------------------------------------
Individual       Locus         Genotype     Number of Loci
                                          with missing data
       1           72             0000             3
       2          190             0000             2
       3          199             0000             1
       4           68             0000             3
       5           72             0000             4
       6          190             0000             2
       7            1             0000             9
       8           97             0000             5
       9          118             0000             2
      10          157             0000             3
      12           30             0000             9
      13           97             0000             7
      14          115             0000             4
      15          118             0000             3
      16           30             0000            28
      17          132             0000             1
      18          117             0000             2
      19           13             0000             2
      20            1             0000             1
      21            1             0000            15
      22           68             0000             8
      23            2             0000             4
      24          199             0000             1
      25           97             0000             6
      26           68             0000             2
      27            1             0000            21
      28           68             0000             8
      29            1             0000             1
      30           72             0000             4
      32            1             0000             7
      33           72             0000             5
      34           96             0000             2
      35           68             0000             3
      36           68             0000             3
      37            1             0000             5
      38           75             0000             3
      39          190             0000             1
      40          190             0000             1
      42            1             0000            25
      43           97             0000             7
      44           30             0000            17
      45          126             0000             5
      46           68             0000             2
      48          115             0000             1
      49           68             0000             2
      50           67             0000             2
      51          163             0000             2
      52           68             0000             2
      53            1             0000             3
      54          190             0000             1
      55           68             0000             2
      56           68             0000             4
      57           68             0000             3
      58          166             0000             2
      59          140             0000             2
      60            4             0000             9
      61           18             0000             7
      62           68             0000             7
      63           18             0000             3
      65          190             0000             1
      66            1             0000            36
      67           90             0000             4
      68          238             0000             1
      69            1             0000             6
-----------------------------------------------------------
Total missing data for population    8:          347

