	Omy28_11607954	Omy_RAD52458-17	Omy_GREB1_05	Omy28_11625241	Omy28_11632591	Omy_GREB1_09	Omy28_11658853	Omy28_11667578	"c(\Omy_RAD47080-54\"", \""Omy_RAD15709-53\"")"""	Omy28_11671116	Omy28_11676622	Omy28_11683204	Omy28_11773194
A/A	0.032786885	1	0	0.135135135	0.455882353	0	0.114285714	0	0.157142857	0	0	0	0.602739726
C/C	0	0	0	0	0	0	0.785714286	0.719298246	0	0.142857143	0	0	0
G/G	0.68852459	0	0.613333333	0.756756757	0.220588235	0.777777778	0	0	0.7	0	0.714285714	0.142857143	0
T/T	0	0	0.146666667	0	0	0.097222222	0	0.140350877	0	0.785714286	0.163265306	0.714285714	0.095890411
A/C	0	0	0	0	0	0	0	0	0	0	0	0	0
A/G	0	0	0	0	0.323529412	0	0	0	0	0	0	0	0
A/T	0	0	0	0	0	0	0	0	0	0	0	0	0.301369863
C/G	0	0	0	0	0	0	0	0	0	0	0	0	0
C/T	0	0	0	0	0	0	0	0.140350877	0	0	0	0	0
G/T	0	0	0.24	0	0	0.125	0	0	0	0	0.12244898	0	0
T/G	0	0	0	0	0	0	0	0	0	0	0	0.142857143	0
T/C	0	0	0	0	0	0	0	0	0	0.071428571	0	0	0
T/A	0	0	0	0	0	0	0	0	0	0	0	0	0
G/C	0	0	0	0	0	0	0	0	0	0	0	0	0
G/A	0.278688525	0	0	0.108108108	0	0	0	0	0.142857143	0	0	0	0
C/A	0	0	0	0	0	0	0.1	0	0	0	0	0	0
													
Premature/Premature	0.032786885	0	0.146666667	0.135135135	0.220588235	0.097222222	0.114285714	0.140350877	0.157142857	0.142857143	0.163265306	0.142857143	0.095890411
Premature/Mature	0.278688525	0	0.24	0.108108108	0.323529412	0.125	0.1	0.140350877	0.142857143	0.071428571	0.12244898	0.142857143	0.301369863
Mature/Mature	0.68852459	0	0.613333333	0.756756757	0.455882353	0.777777778	0.785714286	0.719298246	0.7	0.785714286	0.714285714	0.714285714	0.602739726
note		P/M should be G/T											
