Population	Omy_RAD30619-61	Omy_RAD366-7	Omy_RAD65959-69	Omy_GREB1_05	Omy28_11625241	Omy_GREB1_09	Omy28_11667578	Omy_RAD15709-53	Omy28_11671116	Omy28_11676622	Omy28_11683204
Pre_AD	0.5	0.766129032	0.713114754	0.328125	0.793650794	0.801587302	0.762295082	0.766129032	0.759615385	0.75	0.774193548
Post_AD	0.47037037	0.816831683	0.707616708	0.701711491	0.372434018	0.375305623	0.33411215	0.335411471	0.248251748	0.320652174	0.337104072
Pre_ID	0.705128205	0.692307692	0.871794872	0.269230769	0.935897436	0.959459459	0.897435897	0.871794872	0.890625	0.897058824	0.9
Post_ID	0.450980392	0.882352941	0.653846154	0.365384615	0.773584906	0.778846154	0.724489796	0.721153846	0.714285714	0.69	0.730769231
Pre_BD	0.61971831	0.798611111	0.805555556	0.266666667	0.810810811	0.840277778	0.789473684	0.771428571	0.821428571	0.775510204	0.785714286
During_BD	0.625	0.763888889	0.742857143	0.111111111	0.926829268	0.944444444	0.947368421	0.931034483	0.928571429	0.9	0.895833333
Post_BD	0.550947867	0.741217799	0.733966746	0.124705882	0.936635945	0.951501155	0.9375	0.93115942	0.93003413	0.921538462	0.92455243
Post_SBLR	0.4375	0.729166667	0.863636364	0.739130435	0.977272727	1	1	1	1	1	1
NA_NA	0.5	0.75	0.875	0.833333333	0.5	0.25	0.5	0	0.333333333	0.375	0.5
